41
885 93 915
87 4 426
310 20 512
639 446 960
795 125 833
479 229 418
563 271 521
763 110 648
222 32 8
263 106 838
27 20 799
2 2 43
619 157 853
219 202 618
335 160 736
951 378 964
896 362 481
65 61 320
514 347 740
896 869 236
755 661 825
859 506 397
732 670 377
387 253 143
884 642 917
734 373 152
872 5 16
709 378 425
37 27 730
755 626 980
383 271 851
526 156 804
747 15 165
548 362 88
935 136 943
576 474 287
614 584 471
281 127 470
64 59 230
32 19 774
43 3 400
1 2
1 3
3 4
2 5
5 6
2 7
4 8
8 9
8 10
3 11
2 12
6 13
10 14
7 15
8 16
16 17
13 18
4 19
5 20
18 21
18 22
13 23
13 24
19 25
19 26
25 27
12 28
18 29
29 30
26 31
2 32
20 33
6 34
15 35
5 36
12 37
18 38
24 39
20 40
36 41
54
724 100 69
494 393 429
149 118 401
54 23 590
57 42 386
356 165 79
835 660 543
896 73 416
528 192 206
57 32 716
981 597 502
621 279 920
101 58 140
743 578 227
446 297 378
859 835 990
578 378 855
418 126 382
695 125 930
924 256 913
731 267 720
576 240 347
890 175 554
389 140 286
395 311 14
328 164 358
325 105 382
197 46 728
859 206 423
788 167 140
878 548 294
813 240 928
143 101 199
15 1 490
83 46 531
86 26 970
455 29 423
65 44 747
558 382 205
548 78 464
319 272 121
951 530 866
816 477 962
47 15 299
880 26 832
895 433 868
948 101 66
352 273 749
872 444 29
323 218 390
843 109 36
605 433 826
155 65 982
936 394 376
1 2
1 3
3 4
1 5
4 6
1 7
1 8
6 9
7 10
6 11
11 12
11 13
1 14
7 15
1 16
8 17
14 18
18 19
6 20
16 21
14 22
22 23
14 24
24 25
1 26
14 27
2 28
27 29
12 30
18 31
20 32
22 33
29 34
27 35
18 36
6 37
22 38
28 39
1 40
33 41
13 42
2 43
26 44
15 45
15 46
30 47
41 48
46 49
3 50
14 51
11 52
14 53
8 54
21
952 688 703
569 161 107
205 144 351
287 136 961
221 84 396
856 621 275
717 180 210
467 430 648
332 163 270
142 51 221
493 485 167
378 353 120
737 670 772
298 118 220
396 327 204
451 442 174
852 142 553
490 445 321
690 226 903
289 121 874
862 14 184
1 2
1 3
2 4
3 5
5 6
5 7
5 8
1 9
4 10
6 11
8 12
11 13
2 14
8 15
12 16
8 17
9 18
8 19
14 20
1 21
75
372 283 551
172 148 590
208 141 918
452 209 939
800 307 702
295 15 625
336 302 575
764 81 264
365 128 457
506 391 922
692 627 430
167 62 781
153 138 908
923 879 497
317 310 186
169 23 297
875 135 808
420 21 38
254 66 45
509 65 451
572 155 676
532 99 527
229 219 252
110 72 137
276 51 846
120 105 810
673 331 704
687 130 171
104 91 49
772 131 256
785 585 766
868 772 941
781 62 142
323 210 400
748 411 427
466 151 370
294 222 60
756 705 78
289 194 906
362 201 505
312 8 234
13 7 920
525 257 429
93 75 434
822 785 795
848 358 335
249 1 547
150 128 673
777 132 243
276 192 201
191 85 820
33 1 908
234 224 595
905 754 559
198 16 809
846 838 749
659 210 478
551 415 586
703 488 448
141 67 785
790 707 327
247 152 226
404 220 889
828 599 803
988 472 527
260 64 689
284 201 513
176 130 111
836 458 516
798 91 398
781 540 319
619 245 373
136 44 140
625 493 657
445 133 359
1 2
1 3
3 4
2 5
3 6
6 7
2 8
3 9
5 10
2 11
5 12
1 13
4 14
3 15
9 16
8 17
2 18
7 19
18 20
2 21
10 22
22 23
18 24
13 25
3 26
2 27
17 28
1 29
4 30
16 31
10 32
17 33
31 34
22 35
10 36
18 37
4 38
13 39
31 40
11 41
39 42
36 43
1 44
43 45
44 46
10 47
41 48
17 49
20 50
46 51
19 52
18 53
2 54
6 55
47 56
19 57
56 58
51 59
48 60
56 61
40 62
32 63
17 64
13 65
1 66
34 67
41 68
68 69
40 70
37 71
24 72
2 73
19 74
72 75
0
