70
708 475 219
17 7 437
596 344 260
878 663 122
552 407 948
992 382 47
352 107 229
490 173 25
137 71 43
207 39 904
380 141 913
850 362 895
875 358 209
298 108 561
296 134 407
677 371 519
730 35 185
811 468 427
380 369 974
293 154 920
147 123 650
593 195 366
723 352 214
557 503 726
280 257 875
358 317 714
69 38 86
470 240 272
128 66 759
569 435 356
89 76 232
579 176 721
314 263 414
542 58 326
358 156 452
387 182 938
584 181 545
871 851 234
639 173 442
42 8 250
204 124 838
23 10 297
9 9 31
110 76 14
87 13 885
124 97 768
423 165 518
535 524 723
20 0 940
760 320 541
560 112 31
482 479 834
42 18 117
349 168 70
996 10 829
879 349 899
902 215 388
588 179 161
779 478 163
192 161 266
704 195 530
890 149 625
29 11 706
597 376 935
813 792 718
74 38 885
945 505 125
588 311 994
336 266 996
617 221 934
1 2
1 3
1 4
1 5
1 6
2 7
5 8
2 9
3 10
8 11
2 12
11 13
5 14
1 15
15 16
9 17
1 18
7 19
15 20
4 21
1 22
1 23
23 24
23 25
25 26
9 27
13 28
9 29
18 30
17 31
21 32
15 33
29 34
3 35
11 36
11 37
18 38
14 39
28 40
40 41
16 42
42 43
17 44
14 45
8 46
20 47
22 48
22 49
27 50
25 51
36 52
42 53
31 54
54 55
20 56
48 57
28 58
53 59
56 60
16 61
38 62
48 63
49 64
1 65
64 66
44 67
6 68
26 69
12 70
0
