53
29 24 143
743 300 701
214 122 976
991 870 649
430 309 525
400 167 922
214 15 988
893 840 231
815 208 33
714 564 962
373 176 74
919 359 137
948 606 280
884 688 169
48 21 591
18 12 297
418 210 800
448 143 232
413 316 70
426 293 524
754 501 655
613 118 438
28 8 557
314 48 305
770 158 499
50 22 818
114 94 492
376 76 378
621 378 993
844 757 182
638 184 769
787 153 77
816 315 58
162 148 671
224 124 129
846 609 537
749 481 821
456 59 229
567 133 625
177 133 481
532 434 939
788 353 965
4 4 220
976 160 714
432 356 23
897 597 76
337 174 847
859 653 353
923 484 93
836 529 443
255 34 16
503 337 457
321 11 244
1 2
1 3
2 4
1 5
4 6
6 7
4 8
1 9
2 10
5 11
1 12
6 13
12 14
8 15
3 16
7 17
10 18
11 19
9 20
2 21
7 22
6 23
6 24
9 25
23 26
12 27
24 28
17 29
10 30
11 31
3 32
25 33
4 34
20 35
8 36
32 37
35 38
34 39
37 40
4 41
4 42
9 43
1 44
10 45
8 46
29 47
28 48
17 49
21 50
49 51
26 52
14 53
0
