40
573 337 883
284 177 372
65 32 536
659 603 42
393 241 859
431 184 918
737 25 169
21 18 736
249 41 798
233 4 179
569 518 226
393 50 894
504 242 787
225 42 739
459 288 471
858 101 778
783 703 302
263 184 156
200 123 878
374 107 731
428 361 320
510 100 2
194 65 426
702 380 483
569 233 299
410 155 141
594 521 251
498 455 644
198 109 594
656 420 131
852 170 509
105 105 679
588 352 646
552 171 367
263 61 741
706 373 201
674 580 854
212 172 807
961 813 224
909 403 548
1 2
1 3
1 4
4 5
5 6
2 7
6 8
2 9
5 10
9 11
7 12
10 13
10 14
5 15
1 16
16 17
17 18
16 19
19 20
19 21
3 22
10 23
14 24
6 25
4 26
1 27
21 28
23 29
8 30
21 31
27 32
26 33
6 34
26 35
3 36
32 37
5 38
2 39
27 40
58
673 457 257
471 144 189
673 342 802
317 78 455
467 332 207
920 163 285
689 131 838
463 68 149
627 326 920
813 466 562
161 36 198
190 170 454
323 272 284
216 190 416
795 229 579
897 812 933
492 292 336
839 826 950
941 67 344
983 612 84
726 297 749
169 160 831
833 567 675
131 17 196
420 171 484
532 415 457
77 39 123
911 791 873
591 391 622
586 470 790
690 4 912
247 240 32
246 31 266
174 166 810
663 383 774
224 13 883
979 669 123
78 51 593
690 622 563
251 218 543
513 89 167
302 257 194
885 696 350
185 136 297
156 119 918
487 272 900
424 249 513
776 507 97
302 156 226
398 210 179
734 478 807
267 187 799
250 184 641
64 51 135
165 40 735
399 110 933
859 412 543
148 137 806
1 2
1 3
1 4
1 5
3 6
6 7
4 8
7 9
8 10
7 11
10 12
9 13
12 14
12 15
3 16
13 17
2 18
14 19
1 20
2 21
13 22
18 23
10 24
14 25
23 26
14 27
18 28
12 29
18 30
9 31
24 32
13 33
22 34
6 35
34 36
2 37
15 38
16 39
6 40
4 41
31 42
9 43
1 44
3 45
3 46
39 47
33 48
28 49
1 50
34 51
37 52
29 53
2 54
35 55
1 56
49 57
29 58
2
828 598 656
310 129 47
1 2
73
170 44 304
70 5 637
296 169 207
337 59 262
336 54 678
51 47 517
451 106 449
767 56 319
502 83 6
98 40 763
397 7 460
680 107 451
105 102 66
157 142 586
736 455 781
236 214 116
788 311 338
481 73 415
496 351 463
855 705 782
869 802 377
956 681 174
275 71 42
894 214 328
983 522 34
141 2 436
171 85 238
41 32 876
852 768 350
55 15 254
48 29 633
263 163 377
500 171 467
983 883 867
192 19 252
498 401 628
125 62 897
662 312 580
492 188 627
870 225 918
956 113 858
863 828 9
349 126 356
630 302 432
396 313 152
358 176 30
828 680 429
788 686 829
705 295 371
567 198 452
437 189 93
582 58 768
401 339 134
514 345 792
603 57 201
116 7 482
537 175 518
239 131 230
374 349 119
277 276 235
920 102 68
243 167 889
342 337 513
320 311 681
876 740 27
380 362 440
533 518 815
558 9 953
850 211 101
55 39 165
262 19 618
230 153 19
165 35 261
1 2
2 3
3 4
1 5
1 6
5 7
4 8
6 9
5 10
8 11
8 12
9 13
10 14
13 15
2 16
7 17
11 18
2 19
14 20
3 21
7 22
18 23
12 24
19 25
5 26
12 27
15 28
10 29
24 30
1 31
21 32
28 33
8 34
18 35
31 36
27 37
13 38
33 39
31 40
22 41
4 42
29 43
4 44
22 45
30 46
32 47
26 48
48 49
35 50
34 51
17 52
36 53
16 54
26 55
1 56
12 57
54 58
22 59
35 60
34 61
46 62
5 63
15 64
41 65
5 66
57 67
35 68
23 69
64 70
12 71
8 72
20 73
20
858 212 748
844 817 587
354 307 375
108 49 302
52 4 330
841 435 789
406 340 32
392 160 911
113 73 212
723 531 822
594 459 534
614 565 968
907 648 579
265 43 822
542 390 661
112 45 376
253 144 117
339 32 964
658 595 682
533 32 6
1 2
2 3
1 4
3 5
4 6
3 7
6 8
6 9
7 10
10 11
10 12
9 13
9 14
14 15
7 16
15 17
16 18
8 19
3 20
97
702 531 136
542 76 899
700 284 547
838 379 671
410 260 535
187 147 547
522 241 866
274 137 697
927 598 532
414 174 367
434 364 780
223 50 646
93 72 217
706 320 813
747 277 56
618 131 280
57 54 921
759 6 280
9 1 571
119 13 8
761 130 570
997 43 975
859 479 196
296 286 639
321 93 727
293 138 985
204 111 900
330 26 164
155 128 24
278 123 241
180 52 608
225 115 924
421 133 390
308 258 273
552 19 638
997 786 869
966 717 684
54 23 398
810 379 196
261 154 136
76 22 143
256 18 34
433 69 34
612 39 533
333 198 791
319 298 185
875 243 98
856 278 97
510 132 361
550 16 335
308 38 234
955 600 526
834 174 619
651 403 873
810 488 327
876 227 423
890 326 966
560 395 82
582 151 767
590 473 53
594 215 468
852 651 319
161 41 357
244 4 571
826 763 79
892 683 707
212 158 221
602 357 346
54 37 992
342 166 512
703 629 935
931 416 330
306 48 433
460 328 194
639 243 123
352 184 154
282 64 286
390 16 447
16 15 710
153 52 99
854 335 757
591 403 36
736 720 152
643 431 26
1000 786 612
414 52 655
380 51 241
150 33 919
999 532 876
520 401 668
650 253 37
368 213 826
560 275 439
683 22 242
766 314 5
994 645 924
33 26 940
1 2
2 3
1 4
3 5
5 6
1 7
2 8
7 9
4 10
5 11
4 12
11 13
11 14
14 15
14 16
9 17
11 18
12 19
3 20
7 21
19 22
14 23
6 24
14 25
18 26
9 27
10 28
9 29
3 30
26 31
11 32
8 33
22 34
25 35
34 36
32 37
11 38
35 39
27 40
8 41
26 42
42 43
14 44
7 45
39 46
30 47
11 48
31 49
20 50
27 51
28 52
21 53
29 54
32 55
55 56
28 57
51 58
50 59
53 60
21 61
59 62
2 63
40 64
4 65
31 66
6 67
23 68
45 69
47 70
28 71
41 72
5 73
15 74
54 75
29 76
66 77
4 78
40 79
77 80
56 81
56 82
71 83
48 84
38 85
3 86
24 87
63 88
61 89
32 90
11 91
73 92
73 93
53 94
90 95
31 96
49 97
0
