75
467 378 253
909 806 753
957 112 683
58 18 90
168 153 630
844 241 430
88 71 202
26 6 128
929 679 380
819 107 916
229 219 462
771 395 286
162 126 419
184 117 338
720 625 274
376 121 369
763 559 399
34 18 316
86 85 983
504 368 994
881 543 810
981 458 752
525 341 559
629 520 375
447 213 447
245 175 680
329 138 431
701 467 562
51 41 890
661 255 88
741 563 259
930 249 745
236 103 688
972 38 407
652 107 894
795 725 228
407 99 40
805 539 859
860 662 359
577 71 193
514 433 870
9 0 309
81 59 443
683 300 479
662 160 69
847 52 29
594 258 398
690 290 593
864 609 846
806 467 496
744 361 666
15 4 419
66 14 160
724 678 601
542 63 817
828 326 262
658 186 62
35 6 744
766 51 823
302 279 941
87 63 807
776 292 663
596 8 689
992 304 320
314 194 708
131 115 955
766 631 642
180 105 88
950 657 466
589 461 293
165 95 376
884 769 685
343 59 357
991 926 21
421 197 45
1 2
1 3
2 4
1 5
2 6
5 7
2 8
2 9
4 10
10 11
3 12
2 13
5 14
10 15
1 16
16 17
13 18
14 19
9 20
16 21
21 22
4 23
15 24
6 25
12 26
7 27
9 28
2 29
9 30
24 31
5 32
1 33
7 34
19 35
9 36
16 37
31 38
31 39
8 40
34 41
35 42
42 43
10 44
4 45
15 46
7 47
39 48
39 49
28 50
47 51
26 52
40 53
50 54
43 55
21 56
42 57
34 58
56 59
10 60
8 61
2 62
43 63
32 64
9 65
56 66
64 67
42 68
11 69
66 70
54 71
64 72
28 73
32 74
32 75
0
