75
469 307 504
97 26 474
202 186 313
242 148 269
838 558 562
644 591 632
900 315 5
313 19 948
493 404 688
757 635 897
52 47 786
692 285 767
739 291 60
682 467 784
124 4 924
211 140 867
306 167 386
401 68 81
141 63 959
175 76 484
623 24 742
601 425 962
440 250 330
422 286 303
709 406 109
179 98 534
551 307 837
298 70 111
385 149 378
972 420 577
673 359 287
343 218 389
147 146 155
634 585 202
242 207 441
543 480 728
545 98 140
626 583 483
693 134 699
741 520 802
258 141 572
801 122 314
509 251 419
573 298 217
697 45 176
522 366 953
39 9 678
26 1 429
374 52 498
737 660 992
287 84 424
785 682 651
486 434 540
781 410 691
642 456 734
785 441 143
464 445 910
715 380 597
667 481 170
861 669 205
412 174 365
249 172 69
698 442 561
835 330 313
634 408 774
343 314 185
877 36 832
296 156 847
514 336 817
969 951 650
351 216 371
457 192 735
562 19 707
726 212 732
127 107 123
1 2
2 3
2 4
2 5
2 6
1 7
5 8
5 9
9 10
2 11
11 12
4 13
13 14
3 15
13 16
12 17
5 18
18 19
8 20
17 21
6 22
12 23
10 24
15 25
14 26
18 27
2 28
20 29
3 30
4 31
19 32
19 33
19 34
12 35
21 36
33 37
32 38
25 39
28 40
4 41
1 42
18 43
18 44
38 45
20 46
8 47
21 48
47 49
29 50
9 51
20 52
6 53
7 54
25 55
8 56
39 57
30 58
4 59
35 60
37 61
15 62
27 63
45 64
5 65
47 66
17 67
25 68
30 69
60 70
51 71
71 72
40 73
57 74
4 75
0
