36
774 697 707
914 378 416
693 650 162
547 537 139
125 31 915
141 130 680
704 286 236
496 215 565
944 623 849
858 302 227
759 514 434
666 581 711
278 78 467
819 343 416
980 619 763
274 270 21
608 371 696
39 23 849
317 278 264
338 291 874
829 306 34
629 438 33
541 37 332
933 677 307
801 178 878
462 52 753
116 91 571
913 834 518
667 391 710
372 38 63
593 454 438
214 153 125
229 140 78
252 222 542
295 119 88
120 38 955
1 2
1 3
2 4
4 5
3 6
2 7
6 8
3 9
5 10
5 11
2 12
4 13
4 14
6 15
1 16
13 17
4 18
3 19
6 20
7 21
19 22
14 23
14 24
7 25
3 26
1 27
2 28
4 29
2 30
23 31
6 32
5 33
25 34
28 35
24 36
0
