82
727 723 265
293 262 488
318 126 624
347 52 898
475 139 636
378 373 308
459 243 363
476 380 993
33 1 378
634 614 217
666 643 995
706 300 720
343 163 9
575 2 682
133 82 441
195 51 567
583 208 621
500 232 94
225 219 890
309 143 983
990 224 758
50 6 384
922 810 439
576 173 382
117 115 751
361 78 279
515 444 809
948 685 623
964 806 371
748 216 185
230 73 825
481 480 903
45 28 720
250 67 435
685 322 674
926 509 340
321 253 954
801 398 350
602 65 48
973 694 42
61 40 539
606 371 443
865 527 372
109 49 71
700 381 391
389 221 427
825 258 790
771 303 340
108 86 996
262 17 100
707 294 658
237 82 915
580 235 110
125 100 974
482 231 738
854 212 109
516 399 112
327 267 819
684 55 919
878 786 683
669 534 881
472 177 673
148 60 152
121 106 543
729 512 17
543 372 508
943 623 554
80 50 851
989 594 588
875 156 860
742 80 253
115 29 168
182 92 406
46 0 221
802 560 198
677 504 254
376 166 916
424 301 30
927 863 849
323 112 274
795 589 364
989 960 997
1 2
1 3
2 4
4 5
3 6
6 7
2 8
2 9
8 10
6 11
6 12
4 13
3 14
5 15
11 16
1 17
1 18
2 19
5 20
17 21
10 22
17 23
22 24
8 25
18 26
5 27
15 28
10 29
13 30
11 31
18 32
7 33
26 34
17 35
30 36
30 37
30 38
14 39
2 40
23 41
6 42
18 43
24 44
24 45
12 46
9 47
40 48
22 49
49 50
1 51
15 52
51 53
31 54
31 55
13 56
31 57
47 58
29 59
14 60
45 61
11 62
7 63
33 64
39 65
35 66
14 67
10 68
31 69
40 70
44 71
15 72
36 73
13 74
74 75
1 76
18 77
37 78
34 79
64 80
2 81
7 82
0
